scene_id	sentence_id	start	end	utterance	speaker	speaker_confidence	speaker_method	alignment_score	row_type	filled_from_missing	matched_to_ct	scene_speaker_set	prev_speaker_scene	next_speaker_scene	review_flag	review_reason	notes	utterance_ct	speaker_ct	speaker_original	visual_presence	visual_presence_source	visual_presence_chars	speaker_visual_presence	speaker_visual_ratio	visual_presence_note	annotation_confidence	annotation_review_reason
15	1	2.56	4.72	Okay, so what do you.	Monica	high	community_transcript_match	1.0	dialogue	False	True	Monica | Phoebe		Monica	False		Speaker agrees with available community-transcript mapping.	What?	Monica	Monica	present	char_tracker_stage05	monica	present	1.0		high	
15	2	4.72	5.76	You think she's faking?	Monica	high	community_transcript_match	1.0	dialogue	False	True	Monica | Phoebe	Monica	Phoebe	False		Speaker agrees with available community-transcript mapping.	Okay. So what do you.... you think she's faking?	Monica	Monica	present	char_tracker_stage05	monica	present	1.0		high	
15	3	6.16	9.68	Well, it seems like there weren't any tears till you showed her the bill.	Phoebe	high	community_transcript_match	1.0	dialogue	False	True	Monica | Phoebe	Monica	Monica	True	speaker_no_face	Speaker agrees with available community-transcript mapping.	Well, it seems like there weren't any tears 'til you showed her the bill.	Phoebe	Phoebe	partial	char_tracker_stage05		absent	0.0		medium	speaker_no_face
15	4	9.76	11.68	Phoebe, she sounded pretty upset to me.	Monica	high	community_transcript_match	1.0	dialogue	False	True	Monica | Phoebe	Phoebe		False		Speaker agrees with available community-transcript mapping.	Phoebe, she sounded pretty upset to me.	Monica	Monica	present	char_tracker_stage05	monica	present	1.0		high	
16	5	13.04	14.8	You're a grand old flag.	Mrs. Burkart	high	community_transcript_match	1.0	dialogue	False	True	Mrs. Burkart | Phoebe		Phoebe	False		Speaker agrees with available community-transcript mapping.	(singing) You're a grand ol' flag, you're a high-flying flag, and forever in peace may you wave....	Mrs. Burkart	Mrs. Burkart	present	char_tracker_stage05	phoebe	unobserved			high	
16	6	14.8	21.76	You're a high flying flag and forever it pushed me away she seems fine now land.	Phoebe	high	community_transcript_match	1.0	dialogue	False	True	Mrs. Burkart | Phoebe	Mrs. Burkart	Mrs. Burkart	True	speaker_no_face	Speaker agrees with available community-transcript mapping.	She seems fine now.	Phoebe	Phoebe	partial	char_tracker_stage05		absent	0.0		medium	speaker_no_face
16	7	21.76	24.96	I rule the home of the free and the free.	Mrs. Burkart	high	community_transcript_match	1.0	dialogue	False	True	Mrs. Burkart | Phoebe	Phoebe		False		Speaker agrees with available community-transcript mapping.	(singing) ...emblem of the land I love. The home of....	Mrs. Burkart	Mrs. Burkart	present	char_tracker_stage05	monica	unobserved			high	
17	8	26.17	27.05	So you just left?	Joey	high	community_transcript_match	1.0	dialogue	False	True	Joey | Ross | Chandler		Joey	False		Speaker agrees with available community-transcript mapping.	So, you just left	Joey	Joey	present	char_tracker_stage05	joey|ross	present	1.0		high	
17	9	27.61	29.05	Her place was really that bad?	Joey	high	community_transcript_match	1.0	dialogue	False	True	Joey | Ross | Chandler	Joey	Ross	False		Speaker agrees with available community-transcript mapping.	So, you just left? Her place was really that bad?	Joey	Joey	present	char_tracker_stage05	joey|ross	present	1.0		high	
17	10	29.37	32.65	You know how you throw your jacket on a chair at the end of the day?	Ross	high	community_transcript_match	1.0	dialogue	False	True	Joey | Ross | Chandler	Joey	Ross	False		Speaker agrees with available community-transcript mapping.	You know how you throw your jacket on a chair at the end of the day?	Ross	Ross	present	char_tracker_stage05	joey|ross	present	1.0		high	
17	11	33.37	34.17	Well, like that.	Ross	high	community_transcript_match	1.0	dialogue	False	True	Joey | Ross | Chandler	Ross	Ross	False		Speaker agrees with available community-transcript mapping.	well like that	Ross	Ross	present	char_tracker_stage05	joey|ross	present	1.0		high	
17	12	34.17	37.05	Only instead of a chair, it's a pile of garbage.	Ross	high	community_transcript_match	1.0	dialogue	False	True	Joey | Ross | Chandler	Ross	Ross	False		Speaker agrees with available community-transcript mapping.	Well, like that, only instead of a chair, it's a pile of garbage	Ross	Ross	present	char_tracker_stage05	joey|ross	present	1.0		high	
17	13	38.65	41.61	And instead of a jacket, it's a pile of garbage.	Ross	high	community_transcript_match	1.0	dialogue	False	True	Joey | Ross | Chandler	Ross	Ross	False		Speaker agrees with available community-transcript mapping.	And instead of a jacket, it's a pile of garbage	Ross	Ross	present	char_tracker_stage05	joey|ross	present	1.0		high	
17	14	43.05	45.69	And instead of the end of the day, it's the end of time.	Ross	high	community_transcript_match	1.0	dialogue	False	True	Joey | Ross | Chandler	Ross	Ross	False		Speaker agrees with available community-transcript mapping.	Well, like that, only instead of a chair, it's a pile of garbage. And instead of a jacket, it's a pile of garbage. And instead of the end of the day, it's the end of time, and garbage is all that has survived! (Ross takes the loosely tied tie off and hands it to Joey who puts it on.) Here.	Ross	Ross	present	char_tracker_stage05	ross	present	1.0		high	
17	15	45.69	48.73	And garbage is all that has survived.	Ross	high	community_transcript_match	1.0	dialogue	False	True	Joey | Ross | Chandler	Ross	Joey	False		Speaker agrees with available community-transcript mapping.	well like that only instead of a chair it's a pile of garbage and instead of a jacket it's a pile of garbage and garbage is all that has survived here	Ross	Ross	present	char_tracker_stage05	ross	present	1.0		high	
17	16	51.77	52.25	Wow.	Joey	high	community_transcript_match	1.0	dialogue	False	True	Joey | Ross | Chandler	Ross	Joey	False		Speaker agrees with available community-transcript mapping.	Wow	Joey	Joey	present	char_tracker_stage05	joey	present	1.0		high	
17	17	52.57	52.89	Thanks.	Joey	high	community_transcript_match	1.0	dialogue	False	True	Joey | Ross | Chandler	Joey	Joey	False		Speaker agrees with available community-transcript mapping.	Thanks	Joey	Joey	present	char_tracker_stage05	joey	present	1.0		high	
17	18	54.73	56.13	So, what happened?	Joey	high	community_transcript_match	1.0	dialogue	False	True	Joey | Ross | Chandler	Joey	Ross	False		Speaker agrees with available community-transcript mapping.	Wow. Thanks. So, uh, what happened?	Joey	Joey	present	char_tracker_stage05	joey	present	1.0		high	
17	19	56.13	56.65	What do you mean?	Ross	high	community_transcript_match	1.0	dialogue	False	True	Joey | Ross | Chandler	Joey	Ross	False		Speaker agrees with available community-transcript mapping.	What do you mean	Ross	Ross	present	char_tracker_stage05	joey|ross	present	1.0		high	
17	20	56.65	57.41	Nothing happened.	Ross	high	community_transcript_match	1.0	dialogue	False	True	Joey | Ross | Chandler	Ross	Ross	False		Speaker agrees with available community-transcript mapping.	Nothing happened	Ross	Ross	present	char_tracker_stage05	joey|ross	present	1.0		high	
17	21	57.41	58.49	I had to get out of there.	Ross	high	community_transcript_match	1.0	dialogue	False	True	Joey | Ross | Chandler	Ross	Joey	False		Speaker agrees with available community-transcript mapping.	What do you mean? Nothing happened! I had to get out of there.	Ross	Ross	present	char_tracker_stage05	joey|ross	present	1.0		high	
17	22	58.57	61.21	All right, so next time you take her to your place.	Joey	high	community_transcript_match	1.0	dialogue	False	True	Joey | Ross | Chandler	Ross	Ross	False		Speaker agrees with available community-transcript mapping.	All right, so... next time, you take her to your place.	Joey	Joey	present	char_tracker_stage05	joey|ross	present	1.0		high	
17	23	61.21	62.13	No, I tried that.	Ross	high	community_transcript_match	1.0	dialogue	False	True	Joey | Ross | Chandler	Joey	Ross	False		Speaker agrees with available community-transcript mapping.	No, I tried that	Ross	Ross	present	char_tracker_stage05	joey|ross	present	1.0		high	
17	24	62.13	63.93	She says it has a weird smell.	Ross	high	community_transcript_match	1.0	dialogue	False	True	Joey | Ross | Chandler	Ross	Joey	False		Speaker agrees with available community-transcript mapping.	No, I tried that. She says it has a weird smell.	Ross	Ross	present	char_tracker_stage05	ross	present	1.0		high	
17	25	65.29	66.13	What kind of smell?	Joey	high	community_transcript_match	1.0	dialogue	False	True	Joey | Ross | Chandler	Ross	Ross	True	speaker_offscreen	Speaker agrees with available community-transcript mapping.	What kind of smell?	Joey	Joey	present	char_tracker_stage05	ross	absent	0.0		low	speaker_offscreen
17	26	66.13	66.73	I don't know.	Ross	high	community_transcript_match	1.0	dialogue	False	True	Joey | Ross | Chandler	Joey	Ross	False		Speaker agrees with available community-transcript mapping.	I don't know. Soap?	Ross	Ross	present	char_tracker_stage05	ross	present	1.0		high	
17	27	66.73	67.29	Soap?	Ross	high	community_transcript_match	1.0	dialogue	False	True	Joey | Ross | Chandler	Ross	Joey	False		Speaker agrees with available community-transcript mapping.	Soap	Ross	Ross	present	char_tracker_stage05	ross	present	1.0		high	
17	28	69.29	71.85	All right, listen, Ross, you like this girl, right?	Joey	high	community_transcript_match	1.0	dialogue	False	True	Joey | Ross | Chandler	Ross	Ross	False		Speaker agrees with available community-transcript mapping.	All right, listen, Ross... you like this girl, right?	Joey	Joey	present	char_tracker_stage05	joey	present	1.0		high	
17	29	71.85	72.29	Yeah.	Ross	high	community_transcript_match	1.0	dialogue	False	True	Joey | Ross | Chandler	Joey	Joey	False		Speaker agrees with available community-transcript mapping.	Yeah.	Ross	Ross	present	char_tracker_stage05	joey|ross	present	1.0		high	
17	30	72.29	73.57	You want to see her again, right?	Joey	high	community_transcript_match	1.0	dialogue	False	True	Joey | Ross | Chandler	Ross	Ross	False		Speaker agrees with available community-transcript mapping.	You wanna see her again, right?	Joey	Joey	present	char_tracker_stage05	joey|ross	present	1.0		high	
17	31	73.57	73.97	Yeah.	Ross	high	community_transcript_match	1.0	dialogue	False	True	Joey | Ross | Chandler	Joey	Joey	False		Speaker agrees with available community-transcript mapping.	Yeah.	Ross	Ross	present	char_tracker_stage05	joey|ross	present	1.0		high	
17	32	73.97	75.37	So you're gonna have to do it in the mess.	Joey	high	community_transcript_match	1.0	dialogue	False	True	Joey | Ross | Chandler	Ross	Ross	False		Speaker agrees with available community-transcript mapping.	So you're gonna have to do it in the mess!	Joey	Joey	present	char_tracker_stage05	joey|ross	present	1.0		high	
17	33	77.85	78.81	Yeah, okay.	Ross	high	community_transcript_match	1.0	dialogue	False	True	Joey | Ross | Chandler	Joey	Ross	False		Speaker agrees with available community-transcript mapping.	yeah okay	Ross	Ross	present	char_tracker_stage05	ross	present	1.0		high	
17	34	78.81	79.37	You're right.	Ross	high	community_transcript_match	1.0	dialogue	False	True	Joey | Ross | Chandler	Ross	Joey	False		Speaker agrees with available community-transcript mapping.	Yeah, okay you're right.	Ross	Ross	present	char_tracker_stage05	ross	present	1.0		high	
17	35	80.01	80.57	Yeah.	Joey	high	community_transcript_match	1.0	dialogue	False	True	Joey | Ross | Chandler	Ross	Ross	True	speaker_offscreen	Speaker agrees with available community-transcript mapping.	Yeah.	Joey	Joey	present	char_tracker_stage05	ross	absent	0.0		low	speaker_offscreen
17	36	80.73	84.39	I mean, who cares about a little sloppiness?	Ross	high	community_transcript_match	1.0	dialogue	False	True	Joey | Ross | Chandler	Joey	Ross	False		Speaker agrees with available community-transcript mapping.	I mean, uh, who... who cares about a little sloppiness?	Ross	Ross	present	char_tracker_stage05	ross	present	1.0		high	
17	37	85.03	85.51	It's.	Ross	high	community_transcript_match	1.0	dialogue	False	True	Joey | Ross | Chandler	Ross	Ross	False		Speaker agrees with available community-transcript mapping.	It's, uh	Ross	Ross	present	char_tracker_stage05	joey|ross	present	1.0		high	
17	38	86.07	87.35	It's endearing, really.	Ross	high	community_transcript_match	1.0	dialogue	False	True	Joey | Ross | Chandler	Ross	Joey	False		Speaker agrees with available community-transcript mapping.	It's, uh... it's endearing, really.	Ross	Ross	present	char_tracker_stage05	joey|ross	present	1.0		high	
17	39	87.59	88.23	All right.	Joey	high	community_transcript_match	1.0	dialogue	False	True	Joey | Ross | Chandler	Ross	Joey	False		Speaker agrees with available community-transcript mapping.	All right	Joey	Joey	present	char_tracker_stage05	joey|ross	present	1.0		high	
17	40	88.87	90.71	Now you go get that beautiful pig.	Joey	high	community_transcript_match	1.0	dialogue	False	True	Joey | Ross | Chandler	Joey	Chandler	False		Speaker agrees with available community-transcript mapping.	All right! Now you go get that beautiful pig! (Ross hesitates, looks unsure) Oink!	Joey	Joey	present	char_tracker_stage05	joey|ross	present	1.0		high	
17	41	101.83	102.39	Okay.	Chandler	high	community_transcript_match	1.0	dialogue	False	True	Joey | Ross | Chandler	Joey		True	speaker_no_face	Speaker agrees with available community-transcript mapping.	okay	Chandler	Chandler	absent	char_tracker_stage05		absent	0.0		medium	speaker_no_face
18	42	102.47	103.03	All right.	Chandler	high	community_transcript_match	1.0	dialogue	False	True	Chandler | Rachel | Joey		Chandler	True	speaker_no_face	Speaker agrees with available community-transcript mapping.	Okay, all right	Chandler	Chandler	absent	char_tracker_stage05		absent	0.0		medium	speaker_no_face
18	43	103.11	107.91	I just spent the entire afternoon looking for a present for Kathy that would be better than the rabbit.	Chandler	high	community_transcript_match	1.0	dialogue	False	True	Chandler | Rachel | Joey	Chandler	Rachel	True	speaker_no_face	Speaker agrees with available community-transcript mapping.	Okay, all right. I just spent the entire afternoon looking for a present for Kathy that would be better than the rabbit.	Chandler	Chandler	absent	char_tracker_stage05		absent	0.0		medium	speaker_no_face
18	44	109.02	109.58	Any luck?	Rachel	high	community_transcript_match	1.0	dialogue	False	True	Chandler | Rachel | Joey	Chandler	Chandler	False		Speaker agrees with available community-transcript mapping.	Any luck?	Rachel	Rachel	present	char_tracker_stage05	chandler|rachel	present	1.0		high	
18	45	109.58	110.3	Oh, yeah.	Chandler	high	community_transcript_match	1.0	dialogue	False	True	Chandler | Rachel | Joey	Rachel	Chandler	False		Speaker agrees with available community-transcript mapping.	oh	Chandler	Chandler	present	char_tracker_stage05	chandler|rachel	present	1.0		high	
18	46	110.38	110.74	Yeah.	Chandler	high	community_transcript_match	1.0	dialogue	False	True	Chandler | Rachel | Joey	Chandler	Chandler	False		Speaker agrees with available community-transcript mapping.	Oh, yeah	Chandler	Chandler	present	char_tracker_stage05	chandler	present	1.0		high	
18	47	110.74	113.5	I found this great place called Invisible Things for Kathy.	Chandler	high	community_transcript_match	1.0	dialogue	False	True	Chandler | Rachel | Joey	Chandler	Chandler	False		Speaker agrees with available community-transcript mapping.	"Oh, yeah. Yeah, I found this great place called ""Invisible things for Kathy."" (Motions to an imaginary pile of presents next to him.) Can you give me a hand with all this stuff?"	Chandler	Chandler	present	char_tracker_stage05	chandler	present	1.0		high	
18	48	114.3	116.06	Can you give me a hand with all this stuff?	Chandler	high	community_transcript_match	1.0	dialogue	False	True	Chandler | Rachel | Joey	Chandler	Rachel	False		Speaker agrees with available community-transcript mapping.	""" Can you give me a hand with all this stuff"	Chandler	Chandler	present	char_tracker_stage05	chandler	present	1.0		high	
18	49	117.5	125.42	All right, look, why don't you just return the book, let Joey give her the clock pen and you get her something worse than that, Like a regular pen.	Rachel	high	community_transcript_match	1.0	dialogue	False	True	Chandler | Rachel | Joey	Chandler	Chandler	False		Speaker agrees with available community-transcript mapping.	All right, look. Why don't you just return the book, let Joey give her the clock pen, and you give her something worse than that. Like... a regular pen.	Rachel	Rachel	present	char_tracker_stage05	rachel	present	0.6667		high	
18	50	126.86	129.1	She's really gonna love this, you know?	Chandler	high	community_transcript_match	1.0	dialogue	False	True	Chandler | Rachel | Joey	Rachel	Chandler	True	speaker_no_face	Speaker agrees with available community-transcript mapping.	she's really going to love this you know	Chandler	Chandler	absent	char_tracker_stage05		absent	0.0		medium	speaker_no_face
18	51	130.14	132.06	The bottom line is, I want her to have it.	Chandler	high	community_transcript_match	1.0	dialogue	False	True	Chandler | Rachel | Joey	Chandler	Chandler	False		Speaker agrees with available community-transcript mapping.	she's really going to love this you know the bottom line is i want her to have it	Chandler	Chandler	present	char_tracker_stage05	chandler	present	0.6667		high	
18	52	133.02	136.11	Even if I don't get to be the one who gives it to her.	Chandler	high	community_transcript_match	1.0	dialogue	False	True	Chandler | Rachel | Joey	Chandler	Rachel	False		Speaker agrees with available community-transcript mapping.	She's really going to love this, you know? The bottom line is I want her to have it, even if I don't get to be the one who gives it to her.	Chandler	Chandler	present	char_tracker_stage05	chandler	present	1.0		high	
18	53	136.59	138.51	Aw, honey, that's so sweet.	Rachel	high	community_transcript_match	1.0	dialogue	False	True	Chandler | Rachel | Joey	Chandler	Chandler	True	speaker_offscreen	Speaker agrees with available community-transcript mapping.	Aw, honey, that's so sweet.	Rachel	Rachel	present	char_tracker_stage05	chandler	absent	0.0		low	speaker_offscreen
18	54	138.83	139.31	Yeah.	Chandler	high	community_transcript_match	1.0	dialogue	False	True	Chandler | Rachel | Joey	Rachel	Chandler	False		Speaker agrees with available community-transcript mapping.	Yeah	Chandler	Chandler	present	char_tracker_stage05	chandler	present	1.0		high	
18	55	139.79	141.31	You don't think it's just pathetic?	Chandler	high	community_transcript_match	1.0	dialogue	False	True	Chandler | Rachel | Joey	Chandler	Rachel	False		Speaker agrees with available community-transcript mapping.	Yeah? You don't think it's just pathetic?	Chandler	Chandler	present	char_tracker_stage05	chandler	present	1.0		high	
18	56	142.35	143.63	Oh, pathetic.	Rachel	high	community_transcript_match	1.0	dialogue	False	True	Chandler | Rachel | Joey	Chandler	Joey	False		Speaker agrees with available community-transcript mapping.	Oh! Pathetic! (Grabs the crossword puzzle and starts writing.)	Rachel	Rachel	present	char_tracker_stage05	chandler|rachel	present	1.0		high	
18	57	146.75	149.11	Hey, I'm meeting Kathy in 10 minutes.	Joey	high	community_transcript_match	1.0	dialogue	False	True	Chandler | Rachel | Joey	Rachel	Joey	True	speaker_no_face	Speaker agrees with available community-transcript mapping.	I'm meeting Kathy in ten minutes	Joey	Joey	partial	char_tracker_stage05		absent	0.0		medium	speaker_no_face
18	58	149.11	150.43	I've been looking all over for you.	Joey	high	community_transcript_match	1.0	dialogue	False	True	Chandler | Rachel | Joey	Joey	Chandler	True	speaker_offscreen	Speaker agrees with available community-transcript mapping.	(entering) Hey! I'm meeting Kathy in ten minutes! I've been looking all over for you!	Joey	Joey	present	char_tracker_stage05	chandler	absent	0.0		low	speaker_offscreen
18	59	150.83	151.23	Where?	Chandler	high	community_transcript_match	1.0	dialogue	False	True	Chandler | Rachel | Joey	Joey	Joey	False		Speaker agrees with available community-transcript mapping.	Where?	Chandler	Chandler	present	char_tracker_stage05	chandler|joey	present	1.0		high	
18	60	151.79	152.51	Our place.	Joey	high	community_transcript_match	1.0	dialogue	False	True	Chandler | Rachel | Joey	Chandler	Joey	False		Speaker agrees with available community-transcript mapping.	Our place, the hall! I...	Joey	Joey	present	char_tracker_stage05	chandler|joey	present	1.0		high	
18	61	152.59	153.23	The hall.	Joey	high	community_transcript_match	1.0	dialogue	False	True	Chandler | Rachel | Joey	Joey	Chandler	False		Speaker agrees with available community-transcript mapping.	the hall i	Joey	Joey	present	char_tracker_stage05	joey	present	1.0		high	
18	62	157.55	159.07	I got something for her.	Chandler	high	community_transcript_match	1.0	dialogue	False	True	Chandler | Rachel | Joey	Joey	Chandler	False		Speaker agrees with available community-transcript mapping.	I got something for her. (Joey picks up the package, shakes it next to his ear, can't hear anything, switches ears, shakes it again.) It's a book!	Chandler	Chandler	present	char_tracker_stage05	chandler|joey	present	0.6667		high	
18	63	165.71	166.43	It's a book.	Chandler	high	community_transcript_match	1.0	dialogue	False	True	Chandler | Rachel | Joey	Chandler	Joey	False		Speaker agrees with available community-transcript mapping.	It's a book	Chandler	Chandler	present	char_tracker_stage05	chandler	present	1.0		high	
18	64	168.51	169.07	A book?	Joey	high	community_transcript_match	1.0	dialogue	False	True	Chandler | Rachel | Joey	Chandler	Joey	False		Speaker agrees with available community-transcript mapping.	A book	Joey	Joey	present	char_tracker_stage05	joey	present	1.0		high	
18	65	171.15	173.15	Is it like a book that's also a safe?	Joey	high	community_transcript_match	1.0	dialogue	False	True	Chandler | Rachel | Joey	Joey	Chandler	False		Speaker agrees with available community-transcript mapping.	(Unimpressed) A book? (Suddenly interested) Is it like a book that's also a safe?	Joey	Joey	present	char_tracker_stage05	joey	present	1.0		high	
18	66	175.87	177.83	No, it's a book that's just a book, okay?	Chandler	high	community_transcript_match	1.0	dialogue	False	True	Chandler | Rachel | Joey	Joey	Chandler	False		Speaker agrees with available community-transcript mapping.	No, it's a book that's just a book, okay	Chandler	Chandler	present	char_tracker_stage05	chandler	present	1.0		high	
18	67	177.83	179.99	It's an early edition of the Velveteen Rabbit.	Chandler	high	community_transcript_match	1.0	dialogue	False	True	Chandler | Rachel | Joey	Chandler	Chandler	False		Speaker agrees with available community-transcript mapping.	No, it's a book that's just a book, okay? It's an early edition of the Velveteen Rabbit. It was her favorite book as a kid. So, uh, just... let me know if she likes it, okay?	Chandler	Chandler	present	char_tracker_stage05	chandler	present	1.0		high	
18	68	179.99	181.63	It was her favorite book as a kid.	Chandler	high	community_transcript_match	1.0	dialogue	False	True	Chandler | Rachel | Joey	Chandler	Chandler	False		Speaker agrees with available community-transcript mapping.	It was her favorite book as a kid	Chandler	Chandler	present	char_tracker_stage05	chandler	present	1.0		high	
18	69	182.43	184.95	So just let me know if she likes it, okay?	Chandler	medium	visual_disambiguation	0.74	dialogue	True	False	Chandler | Rachel | Joey	Chandler	Joey	False		Only one of the two text-context candidates was visually present in the window.				present	char_tracker_stage05	chandler	present			medium	
18	70	184.95	185.87	Oh, you got it.	Joey	low	scene_context_inference	0.58	dialogue	True	False	Chandler | Rachel | Joey	Chandler	Joey	True	two_sided_context_ambiguous | low_speaker_confidence	No direct transcript match; weak local context only.				present	char_tracker_stage05	chandler|joey	present			low	low_speaker_confidence
18	71	185.87	186.47	Thanks, man.	Joey	high	scene_context_bridge	0.88	dialogue	True	False	Chandler | Rachel | Joey	Joey	Joey	False		Same speaker appears on both sides within the same scene.				present	char_tracker_stage05	joey	present			high	
18	72	186.47	187.11	Thanks for doing this.	Joey	high	scene_context_bridge	0.88	dialogue	True	False	Chandler | Rachel | Joey	Joey	Joey	False		Same speaker appears on both sides within the same scene.				present	char_tracker_stage05	joey	present			high	
18	73	187.11	187.79	I owe you one.	Joey	high	scene_context_bridge	0.88	dialogue	True	False	Chandler | Rachel | Joey	Joey	Joey	False		Same speaker appears on both sides within the same scene.				present	char_tracker_stage05	joey	present			high	
18	74	192.24	194.56	Oh, hey, there wasn't any change from that 20, was there?	Joey	high	community_transcript_match	1.0	dialogue	False	True	Chandler | Rachel | Joey	Joey	Chandler	False		Speaker agrees with available community-transcript mapping.	You got it. Thanks man. Thanks for doing this, I owe you one. (Joey leaves, comes back in.) Oh, hey! There wasn't any change from that twenty, was there?	Joey	Joey	present	char_tracker_stage05	joey	present	1.0		high	
18	75	196.32	198.24	No, it came out to an even 20.	Chandler	high	community_transcript_match	1.0	dialogue	False	True	Chandler | Rachel | Joey	Joey	Joey	False		Speaker agrees with available community-transcript mapping.	No, it came out to an even twenty.	Chandler	Chandler	present	char_tracker_stage05	chandler|rachel	present	1.0		high	
18	76	200.64	202.96	Wow, that's almost as much as a new book.	Joey	high	community_transcript_match	1.0	dialogue	False	True	Chandler | Rachel | Joey	Chandler		False		Speaker agrees with available community-transcript mapping.	Wow. That's almost as much as a new book.	Joey	Joey	present	char_tracker_stage05	joey	present	1.0		high	
19	77	208.56	212.8	Jeepers creepers, Where'd you get those peepers?	Mrs. Burkart	high	community_transcript_match	1.0	dialogue	False	True	Mrs. Burkart		Mrs. Burkart	False		Speaker agrees with available community-transcript mapping.	(singing) Jeepers, creepers, where'd you get those peepers? Jeepers, creepers, where'd you get those eyes?	Mrs. Burkart	Mrs. Burkart	partial	char_tracker_stage05		unobserved			high	
19	78	212.96	216.72	Jeepers creepers, Where'd you get those eyes?	Mrs. Burkart	high	community_transcript_match	1.0	dialogue	False	True	Mrs. Burkart	Mrs. Burkart		False		Speaker agrees with available community-transcript mapping.	Jeepers, creepers, where'd you get those eyes	Mrs. Burkart	Mrs. Burkart	partial	char_tracker_stage05		unobserved			high	
20	79	216.95	218.15	You didn't get the money, did you?	Phoebe	high	community_transcript_match	1.0	dialogue	False	True	Phoebe | Monica | Mrs. Burkart		Monica	True	speaker_offscreen	Speaker agrees with available community-transcript mapping.	You didn't get the money, did you?	Phoebe	Phoebe	present	char_tracker_stage05	monica	absent	0.0		low	speaker_offscreen
20	80	218.15	219.67	Maybe I can try at intermission.	Monica	high	community_transcript_match	1.0	dialogue	False	True	Phoebe | Monica | Mrs. Burkart	Phoebe	Monica	False		Speaker agrees with available community-transcript mapping.	Maybe I can try at intermission? Phoebe, come on... you know what? Let's just go!	Monica	Monica	present	char_tracker_stage05	monica|phoebe	present	1.0		high	
20	81	221.35	221.99	Phoebe, come on.	Monica	high	community_transcript_match	1.0	dialogue	False	True	Phoebe | Monica | Mrs. Burkart	Monica	Monica	True	speaker_offscreen	Speaker agrees with available community-transcript mapping.	Phoebe, come on	Monica	Monica	present	char_tracker_stage05	phoebe	absent	0.0		low	speaker_offscreen
20	82	221.99	222.35	You know what?	Monica	high	community_transcript_match	1.0	dialogue	False	True	Phoebe | Monica | Mrs. Burkart	Monica	Monica	True	speaker_offscreen	Speaker agrees with available community-transcript mapping.	you know what	Monica	Monica	present	char_tracker_stage05	phoebe	absent	0.0		low	speaker_offscreen
20	83	222.35	223.11	Let's just go.	Monica	high	community_transcript_match	1.0	dialogue	False	True	Phoebe | Monica | Mrs. Burkart	Monica	Phoebe	True	speaker_offscreen	Speaker agrees with available community-transcript mapping.	Let's just go	Monica	Monica	present	char_tracker_stage05	phoebe	absent	0.0		low	speaker_offscreen
20	84	223.51	223.91	No.	Phoebe	medium	visual_disambiguation	0.74	dialogue	True	False	Phoebe | Monica | Mrs. Burkart	Monica	Phoebe	False		Only one of the two text-context candidates was visually present in the window.				present	char_tracker_stage05	phoebe	present			medium	
20	85	224.15	226.23	Hey, we're not leaving till we get paid.	Phoebe	high	scene_context_bridge	0.88	dialogue	True	False	Phoebe | Monica | Mrs. Burkart	Phoebe	Phoebe	False		Same speaker appears on both sides within the same scene.				present	char_tracker_stage05	phoebe	present			high	
20	86	226.87	228.47	I don't know who she thinks she is.	Phoebe	high	scene_context_bridge	0.88	dialogue	True	False	Phoebe | Monica | Mrs. Burkart	Phoebe	Phoebe	False		Same speaker appears on both sides within the same scene.				present	char_tracker_stage05	phoebe	present			high	
20	87	229.11	230.31	I was talking to the florist.	Phoebe	high	scene_context_bridge	0.88	dialogue	True	False	Phoebe | Monica | Mrs. Burkart	Phoebe	Phoebe	False		Same speaker appears on both sides within the same scene.				present	char_tracker_stage05	phoebe	present			high	
20	88	230.31	231.51	She didn't get paid either.	Phoebe	high	scene_context_bridge	0.88	dialogue	True	False	Phoebe | Monica | Mrs. Burkart	Phoebe	Phoebe	False		Same speaker appears on both sides within the same scene.				present	char_tracker_stage05	phoebe	present			high	
20	89	231.67	233.59	Or the limo driver, or the priest.	Phoebe	high	scene_context_bridge	0.88	dialogue	True	False	Phoebe | Monica | Mrs. Burkart	Phoebe	Phoebe	False		Same speaker appears on both sides within the same scene.				present	char_tracker_stage05	phoebe	present			high	
20	90	233.59	235.91	And he could get the dead guy damned for all eternity.	Phoebe	high	community_transcript_match	1.0	dialogue	False	True	Phoebe | Monica | Mrs. Burkart	Phoebe	Monica	False		Speaker agrees with available community-transcript mapping.	No! Hey, we're not leaving until we get paid! I don't know who she thinks she is! I was talking to the florist. She didn't get paid either. Or the limo driver, or the priest, and he can get the dead guy damned for all eternity.	Phoebe	Phoebe	present	char_tracker_stage05	phoebe	present	1.0		high	
20	91	238.23	240.47	Well, I'm not going back out there.	Monica	high	community_transcript_match	1.0	dialogue	False	True	Phoebe | Monica | Mrs. Burkart	Phoebe	Phoebe	False		Speaker agrees with available community-transcript mapping.	Well, I'm not going back out there.	Monica	Monica	present	char_tracker_stage05	monica	present	1.0		high	
20	92	241.59	242.03	Fine.	Phoebe	high	community_transcript_match	1.0	dialogue	False	True	Phoebe | Monica | Mrs. Burkart	Monica	Phoebe	False		Speaker agrees with available community-transcript mapping.	Fine	Phoebe	Phoebe	present	char_tracker_stage05	phoebe	present	1.0		high	
20	93	242.03	242.95	Enough is enough.	Phoebe	high	community_transcript_match	1.0	dialogue	False	True	Phoebe | Monica | Mrs. Burkart	Phoebe	Mrs. Burkart	False		Speaker agrees with available community-transcript mapping.	Fine! Enough is enough! (Phoebe goes into the living room.) Hey, widow?	Phoebe	Phoebe	present	char_tracker_stage05	phoebe	present	1.0		high	
20	94	244.71	248.07	Hey, don't alone and listen to widow.	Mrs. Burkart	high	community_transcript_match	1.0	dialogue	False	True	Phoebe | Monica | Mrs. Burkart	Phoebe	Phoebe	False		Speaker agrees with available community-transcript mapping.	(Singing) Come on along and listen to...	Mrs. Burkart	Mrs. Burkart	partial	char_tracker_stage05		unobserved			high	
20	95	249.17	250.29	Excuse me, Excuse me.	Phoebe	high	community_transcript_match	1.0	dialogue	False	True	Phoebe | Monica | Mrs. Burkart	Mrs. Burkart	Phoebe	True	speaker_no_face	Speaker agrees with available community-transcript mapping.	Excuse me	Phoebe	Phoebe	absent	char_tracker_stage05		absent	0.0		medium	speaker_no_face
20	96	252.93	253.41	Thanks.	Phoebe	high	community_transcript_match	1.0	dialogue	False	True	Phoebe | Monica | Mrs. Burkart	Phoebe	Phoebe	False		Speaker agrees with available community-transcript mapping.	Thanks	Phoebe	Phoebe	present	char_tracker_stage05	monica|phoebe	present	1.0		high	
20	97	254.61	257.09	Clearly this is a very, very hard time for you.	Phoebe	high	community_transcript_match	1.0	dialogue	False	True	Phoebe | Monica | Mrs. Burkart	Phoebe	Phoebe	False		Speaker agrees with available community-transcript mapping.	Um, clearly this is a very, very hard time for you	Phoebe	Phoebe	present	char_tracker_stage05	monica|phoebe	present	1.0		high	
20	98	257.65	262.69	But we provided a service and we deserve to be paid because you ate that service.	Phoebe	high	community_transcript_match	1.0	dialogue	False	True	Phoebe | Monica | Mrs. Burkart	Phoebe	Phoebe	False		Speaker agrees with available community-transcript mapping.	Excuse me. Excuse me! (Mrs. Bukart stops singing) Thanks. Um, clearly this is a very, very hard time for you. Um, but, um, we provided a service, and we deserve to be paid because you ate that service, and, um, we are not leaving here until we're paid every penny. 'Cause you know what, lady? We're part time caterers, and we have no place else to go.	Phoebe	Phoebe	present	char_tracker_stage05	monica|phoebe	present	1.0		high	
20	99	263.09	266.93	And we are not leaving here until we are paid every penny.	Phoebe	high	community_transcript_match	1.0	dialogue	False	True	Phoebe | Monica | Mrs. Burkart	Phoebe	Phoebe	False		Speaker agrees with available community-transcript mapping.	excuse me excuse me thanks um clearly this is a very very hard time for you um and um we are not leaving here until we're paid every penny 'cause you know what lady we're part time caterers and we have no place else to go	Phoebe	Phoebe	present	char_tracker_stage05	monica|phoebe	present	1.0		high	
20	100	266.93	267.85	Because you know what, lady?	Phoebe	medium	visual_disambiguation	0.74	dialogue	True	False	Phoebe | Monica | Mrs. Burkart	Phoebe	Phoebe	False		Only one of the two text-context candidates was visually present in the window.				present	char_tracker_stage05	monica|phoebe	present			medium	
20	101	267.85	270.29	We're part time caterers and we have no place else to go.	Phoebe	medium	visual_disambiguation	0.74	dialogue	True	False	Phoebe | Monica | Mrs. Burkart	Phoebe	Mrs. Burkart	False		Only one of the two text-context candidates was visually present in the window.				present	char_tracker_stage05	monica|phoebe	present			medium	
20	102	273.09	275.74	All right, I'll get my bag.	Mrs. Burkart	high	community_transcript_match	1.0	dialogue	False	True	Phoebe | Monica | Mrs. Burkart	Phoebe	Phoebe	False		Speaker agrees with available community-transcript mapping.	All right. I'll get my bag.	Mrs. Burkart	Mrs. Burkart	absent	char_tracker_stage05		unobserved			high	
20	103	275.9	276.3	Good.	Phoebe	high	community_transcript_match	1.0	dialogue	False	True	Phoebe | Monica | Mrs. Burkart	Mrs. Burkart	Monica	True	speaker_no_face	Speaker agrees with available community-transcript mapping.	Good. (Phoebe and Mrs. Burkart go into the other room, leaving Monica with everyone staring at her.)	Phoebe	Phoebe	absent	char_tracker_stage05		absent	0.0		medium	speaker_no_face
20	104	284.78	286.38	I want to leave some cards here.	Monica	high	community_transcript_match	1.0	dialogue	False	True	Phoebe | Monica | Mrs. Burkart	Phoebe	Monica	True	speaker_no_face	Speaker agrees with available community-transcript mapping.	I'm gonna leave some cards here	Monica	Monica	absent	char_tracker_stage05		absent	0.0		medium	speaker_no_face
20	105	289.34	291.34	Please think of us for your next event.	Monica	high	community_transcript_match	1.0	dialogue	False	True	Phoebe | Monica | Mrs. Burkart	Monica		True	speaker_no_face	Speaker agrees with available community-transcript mapping.	I'm gonna leave some cards here. Please think of us for you next event.	Monica	Monica	absent	char_tracker_stage05		absent	0.0		medium	speaker_no_face
21	106	298.7	299.98	So you want to come inside?	Cheryl	high	community_transcript_match	1.0	dialogue	False	True	Cheryl | Ross		Ross	False		Speaker agrees with available community-transcript mapping.	So you want to come inside?	Cheryl	Cheryl	absent	char_tracker_stage05		unobserved			high	
21	107	301.58	305.98	Yes, yes, I do.	Ross	high	community_transcript_match	1.0	dialogue	False	True	Cheryl | Ross	Cheryl	Cheryl	False		Speaker agrees with available community-transcript mapping.	(mustering up courage) Yes. Yes I do. (They go inside.)	Ross	Ross	present	char_tracker_stage05	ross	present	1.0		high	
21	108	316.22	317.02	I'll be right back.	Cheryl	high	community_transcript_match	1.0	dialogue	False	True	Cheryl | Ross	Ross	Cheryl	False		Speaker agrees with available community-transcript mapping.	I'll be right back	Cheryl	Cheryl	absent	char_tracker_stage05		unobserved			high	
21	109	317.02	317.98	Make yourself comfortable.	Cheryl	high	community_transcript_match	1.0	dialogue	False	True	Cheryl | Ross	Cheryl	Cheryl	False		Speaker agrees with available community-transcript mapping.	I'll be right back. Make yourself comfortable. (Ross attempts to clear a place for his coat and fold it small enough to fit. Then hit sits on the couch. Something falls on him from above and he brushes his neck off frantically.)	Cheryl	Cheryl	absent	char_tracker_stage05		unobserved			high	
21	110	343.35	344.15	Guess who?	Cheryl	high	community_transcript_match	1.0	dialogue	False	True	Cheryl | Ross	Cheryl	Ross	False		Speaker agrees with available community-transcript mapping.	(sneaking up behind Ross) Guess who?	Cheryl	Cheryl	absent	char_tracker_stage05		unobserved			high	
21	111	346.71	348.23	Department of sanitation.	Ross	high	community_transcript_match	1.0	dialogue	False	True	Cheryl | Ross	Cheryl	Cheryl	True	speaker_no_face	Speaker agrees with available community-transcript mapping.	Department of Sanitation?	Ross	Ross	absent	char_tracker_stage05		absent	0.0		medium	speaker_no_face
21	112	350.39	351.11	It's me.	Cheryl	high	community_transcript_match	1.0	dialogue	False	True	Cheryl | Ross	Ross	Ross	False		Speaker agrees with available community-transcript mapping.	It's me!	Cheryl	Cheryl	present	char_tracker_stage05	ross	unobserved			high	
21	113	352.95	353.27	Oh.	Ross	medium	short_turn_alternation	0.7	reaction	True	False	Cheryl | Ross	Cheryl	Ross	True	short_utterance_between_two_speakers | speaker_no_face	Short utterance inferred from local turn alternation.				absent	char_tracker_stage05		absent			medium	speaker_no_face
21	114	363.51	364.07	Oh.	Ross	high	community_transcript_match	1.0	reaction	False	True	Cheryl | Ross	Ross	Cheryl	False		Speaker agrees with available community-transcript mapping.	Oh! (She kisses him) Ah. (They kiss more, and move down onto the couch. Ross's hand moves under some garbage) Aw! (His hand is covered with something brown and gooey.)	Ross	Ross	present	char_tracker_stage05	ross	present	1.0		high	
21	115	366.23	366.63	What?	Cheryl	high	community_transcript_match	1.0	dialogue	False	True	Cheryl | Ross	Ross	Ross	False		Speaker agrees with available community-transcript mapping.	What?	Cheryl	Cheryl	present	char_tracker_stage05	ross	unobserved			high	
21	116	367.59	392.93	Oh, Cheryl, it's my hamster.	Ross	high	community_transcript_match	1.0	dialogue	False	True	Cheryl | Ross	Cheryl		True	speaker_no_face	Speaker agrees with available community-transcript mapping.	(trying to make his disgust into lust) Ah, Cheryl!	Ross	Ross	partial	char_tracker_stage05		absent	0.2692		medium	speaker_no_face
22	117	393.33	394.29	It's Mitzi.	Cheryl	high	community_transcript_match	1.0	dialogue	False	True	Cheryl | Ross		Ross	False		Speaker agrees with available community-transcript mapping.	Wait! No! No! It's my hamster! It's Mitzi!	Cheryl	Cheryl	present	char_tracker_stage05	ross	unobserved			high	
22	118	394.45	395.25	Oh, my God.	Ross	high	community_transcript_match	1.0	dialogue	False	True	Cheryl | Ross	Cheryl	Ross	False		Speaker agrees with available community-transcript mapping.	Oh my god	Ross	Ross	present	char_tracker_stage05	ross	present	1.0		high	
22	119	395.41	396.81	I'm so sorry, Cheryl.	Ross	high	community_transcript_match	1.0	dialogue	False	True	Cheryl | Ross	Ross	Ross	False		Speaker agrees with available community-transcript mapping.	I'm so sorry, Cheryl	Ross	Ross	present	char_tracker_stage05	ross	present	1.0		high	
22	120	396.81	398.25	I must have freaked out.	Ross	high	community_transcript_match	1.0	dialogue	False	True	Cheryl | Ross	Ross	Cheryl	False		Speaker agrees with available community-transcript mapping.	Oh my god! I'm so sorry, Cheryl. I must have freaked out.	Ross	Ross	present	char_tracker_stage05	ross	present	0.6667		high	
22	121	398.25	399.01	Oh, thank God.	Cheryl	high	community_transcript_match	1.0	dialogue	False	True	Cheryl | Ross	Ross	Cheryl	False		Speaker agrees with available community-transcript mapping.	oh thank god	Cheryl	Cheryl	absent	char_tracker_stage05		unobserved			high	
22	122	399.01	400.13	It's not Mitzi.	Cheryl	high	community_transcript_match	1.0	dialogue	False	True	Cheryl | Ross	Cheryl	Cheryl	False		Speaker agrees with available community-transcript mapping.	Oh, thank god, it's not Mitzi	Cheryl	Cheryl	present	char_tracker_stage05	ross	unobserved			high	
22	123	400.85	402.05	It's just a rat.	Cheryl	high	community_transcript_match	1.0	dialogue	False	True	Cheryl | Ross	Cheryl	Cheryl	False		Speaker agrees with available community-transcript mapping.	(looking in the bag) Oh, thank god, it's not Mitzi. It's just a rat.	Cheryl	Cheryl	present	char_tracker_stage05	ross	unobserved			high	
22	124	406.53	407.25	I did it.	Cheryl	medium	scene_context_inference	0.68	dialogue	True	False	Cheryl | Ross	Cheryl		True	medium_confidence_context_fill	Filled from previous same-scene context.				absent	char_tracker_stage05		unobserved			medium	
23	125	407.73	409.25	Oh, I finished it.	Rachel	high	community_transcript_match	1.0	dialogue	False	True	Rachel		Rachel	False		Speaker agrees with available community-transcript mapping.	I finished it	Rachel	Rachel	present	char_tracker_stage05	rachel	present	0.6667		high	
23	126	409.49	410.77	I did it all by myself.	Rachel	high	community_transcript_match	1.0	dialogue	False	True	Rachel	Rachel	Rachel	False		Speaker agrees with available community-transcript mapping.	I did it all by myself	Rachel	Rachel	present	char_tracker_stage05	rachel	present	1.0		high	
23	127	411.81	413.01	And there's nobody to hug.	Rachel	high	community_transcript_match	1.0	dialogue	False	True	Rachel	Rachel	Rachel	True	speaker_no_face	Speaker agrees with available community-transcript mapping.	I did it! Oh! I finished it! I did it all by myself! And there's nobody to hug!	Rachel	Rachel	absent	char_tracker_stage05		absent	0.0		medium	speaker_no_face
23	128	422.13	422.61	Hey.	Rachel	medium	scene_context_inference	0.68	dialogue	True	False	Rachel	Rachel		True	scene_end_short_utterance | speaker_offscreen	Filled from previous same-scene context.				present	char_tracker_stage05	phoebe	absent			low	speaker_offscreen
25	129	422.85	423.89	Hey, you guys.	Rachel	high	community_transcript_match	1.0	dialogue	False	True	Rachel		Rachel	True	speaker_offscreen	Speaker agrees with available community-transcript mapping.	Hey	Rachel	Rachel	present	char_tracker_stage05	phoebe	absent	0.0		low	speaker_offscreen
25	130	424.05	425.89	I finished the crossroad all by myself.	Rachel	high	community_transcript_match	1.0	dialogue	False	True	Rachel	Rachel	Rachel	True	speaker_no_face	Speaker agrees with available community-transcript mapping.	Hey! Hey, you guys, I finished the crossword all by myself! Hug me!	Rachel	Rachel	absent	char_tracker_stage05		absent	0.0		medium	speaker_no_face
25	131	425.89	426.53	Hug me.	Rachel	high	community_transcript_match	1.0	dialogue	False	True	Rachel	Rachel		True	speaker_no_face	Speaker agrees with available community-transcript mapping.	Hug me	Rachel	Rachel	absent	char_tracker_stage05		absent	0.0		medium	speaker_no_face
26	132	426.61	427.25	Yay.	Phoebe	high	community_transcript_match	1.0	dialogue	False	True	Phoebe | Monica | Rachel		Monica	True	speaker_no_face	Speaker agrees with available community-transcript mapping.	Uh... yay!	Phoebe	Phoebe	absent	char_tracker_stage05		absent	0.0		medium	speaker_no_face
26	133	427.49	428.21	So good.	Monica	medium	short_turn_alternation	0.7	dialogue	True	False	Phoebe | Monica | Rachel	Phoebe	Monica	True	short_utterance_between_two_speakers | speaker_no_face	Short utterance inferred from local turn alternation.				absent	char_tracker_stage05		absent			medium	speaker_no_face
26	134	429.25	430.29	Congratulations.	Monica	high	community_transcript_match	1.0	dialogue	False	True	Phoebe | Monica | Rachel	Monica	Rachel	True	speaker_no_face	Speaker agrees with available community-transcript mapping.	Oh, that's great! Congratulations!	Monica	Monica	absent	char_tracker_stage05		absent	0.0		medium	speaker_no_face
26	135	430.29	430.85	Thank you.	Rachel	high	community_transcript_match	1.0	dialogue	False	True	Phoebe | Monica | Rachel	Monica	Rachel	True	speaker_no_face	Speaker agrees with available community-transcript mapping.	Thank you	Rachel	Rachel	absent	char_tracker_stage05		absent	0.0		medium	speaker_no_face
26	136	431.17	432.45	Hey, how'd the catering go?	Rachel	high	community_transcript_match	1.0	dialogue	False	True	Phoebe | Monica | Rachel	Rachel	Monica	False		Speaker agrees with available community-transcript mapping.	Thank you! Hey, how'd the catering go?	Rachel	Rachel	present	char_tracker_stage05	monica|rachel	present	1.0		high	
26	137	432.45	433.41	Oh, it was great.	Monica	high	community_transcript_match	1.0	dialogue	False	True	Phoebe | Monica | Rachel	Rachel	Monica	False		Speaker agrees with available community-transcript mapping.	Oh, it was great	Monica	Monica	present	char_tracker_stage05	monica|rachel	present	0.5		high	
26	138	433.81	436.83	The widow wouldn't pay so Phoebe yelled at her till she did.	Monica	high	community_transcript_match	1.0	dialogue	False	True	Phoebe | Monica | Rachel	Monica	Phoebe	True	speaker_no_face	Speaker agrees with available community-transcript mapping.	Oh, it was great! The widow wouldn't pay, so Phoebe yelled at her 'til she did.	Monica	Monica	partial	char_tracker_stage05		absent	0.0		medium	speaker_no_face
26	139	437.06	438.18	Yeah, I'm a hard ass.	Phoebe	high	community_transcript_match	1.0	dialogue	False	True	Phoebe | Monica | Rachel	Monica	Monica	False		Speaker agrees with available community-transcript mapping.	Yeah. I'm a hard ass.	Phoebe	Phoebe	present	char_tracker_stage05	phoebe	present	1.0		high	
26	140	440.9	444.5	And I'm a wuss and we should be partners.	Monica	high	community_transcript_match	1.0	dialogue	False	True	Phoebe | Monica | Rachel	Phoebe	Phoebe	False		Speaker agrees with available community-transcript mapping.	And I'm a wuss. And we should be partners.	Monica	Monica	present	char_tracker_stage05	monica	present	1.0		high	
26	141	444.74	446.1	Yeah, hard ass and wuss.	Phoebe	high	community_transcript_match	1.0	dialogue	False	True	Phoebe | Monica | Rachel	Monica	Phoebe	False		Speaker agrees with available community-transcript mapping.	Yeah. Hard Ass and Wuss. We could fight crime!	Phoebe	Phoebe	present	char_tracker_stage05	phoebe	present	1.0		high	
26	142	446.1	446.98	We can fight crime.	Phoebe	high	community_transcript_match	1.0	dialogue	False	True	Phoebe | Monica | Rachel	Phoebe	Monica	False		Speaker agrees with available community-transcript mapping.	We could fight crime	Phoebe	Phoebe	present	char_tracker_stage05	phoebe	present	1.0		high	
26	143	449.38	452.74	Wait a minute, Phoebe, we should be partners.	Monica	high	community_transcript_match	1.0	dialogue	False	True	Phoebe | Monica | Rachel	Phoebe	Monica	False		Speaker agrees with available community-transcript mapping.	We should be partners	Monica	Monica	present	char_tracker_stage05	monica	present	0.5		high	
26	144	453.62	455.3	We should be catering partners.	Monica	high	community_transcript_match	1.0	dialogue	False	True	Phoebe | Monica | Rachel	Monica	Monica	False		Speaker agrees with available community-transcript mapping.	We should be catering partners	Monica	Monica	present	char_tracker_stage05	monica	present	1.0		high	
26	145	455.62	456.66	I mean, think about it.	Monica	high	community_transcript_match	1.0	dialogue	False	True	Phoebe | Monica | Rachel	Monica	Monica	False		Speaker agrees with available community-transcript mapping.	I mean, think about it	Monica	Monica	present	char_tracker_stage05	monica	present	1.0		high	
26	146	456.74	459.3	You're not working right now and we have such a great time together.	Monica	high	community_transcript_match	1.0	dialogue	False	True	Phoebe | Monica | Rachel	Monica	Monica	False		Speaker agrees with available community-transcript mapping.	Wait a minute, Phoebe! We should be partners. We should be catering partners. I mean, think about it! You're not working right now, and we have such a great time together!	Monica	Monica	present	char_tracker_stage05	monica	present	1.0		high	
26	147	459.94	462.42	Okay, I can cook and you can take care of the money.	Monica	high	community_transcript_match	1.0	dialogue	False	True	Phoebe | Monica | Rachel	Monica	Phoebe	False		Speaker agrees with available community-transcript mapping.	I can cook and you can take care of the money.	Monica	Monica	present	char_tracker_stage05	monica|phoebe	present	1.0		high	
26	148	462.94	464.94	Oh, it'll be like I have a wife in the 50s.	Phoebe	high	community_transcript_match	1.0	dialogue	False	True	Phoebe | Monica | Rachel	Monica	Phoebe	False		Speaker agrees with available community-transcript mapping.	Yeah. Oh! It'll be like I have a wife in the fifties!	Phoebe	Phoebe	present	char_tracker_stage05	monica|phoebe	present	1.0		high	
26	149	470.06	470.54	Hey.	Phoebe	medium	scene_context_inference	0.68	dialogue	True	False	Phoebe | Monica | Rachel	Phoebe		True	scene_end_short_utterance | speaker_offscreen	Filled from previous same-scene context.				present	char_tracker_stage05	joey	absent			low	speaker_offscreen
27	150	470.78	471.26	Hey.	Joey	high	community_transcript_match	1.0	dialogue	False	True	Joey | Chandler		Chandler	False		Speaker agrees with available community-transcript mapping.	Hey!	Joey	Joey	present	char_tracker_stage05	joey	present	0.5		high	
27	151	471.74	472.34	How'd it go?	Chandler	high	community_transcript_match	1.0	dialogue	False	True	Joey | Chandler	Joey	Chandler	False		Speaker agrees with available community-transcript mapping.	Hey, how'd it go	Chandler	Chandler	present	char_tracker_stage05	chandler	present	0.5		high	
27	152	472.34	473.26	How'd she like the gift?	Chandler	high	community_transcript_match	1.0	dialogue	False	True	Joey | Chandler	Chandler	Joey	False		Speaker agrees with available community-transcript mapping.	Hey, how'd it go? How'd she like the gift?	Chandler	Chandler	present	char_tracker_stage05	chandler|joey	present	1.0		high	
27	153	473.26	474.86	Oh, man, she loved it.	Joey	high	community_transcript_match	1.0	dialogue	False	True	Joey | Chandler	Chandler	Joey	False		Speaker agrees with available community-transcript mapping.	Oh, man, she loved it	Joey	Joey	present	char_tracker_stage05	chandler|joey	present	1.0		high	
27	154	474.94	476.94	She's over there showing Monica and Rachel right now.	Joey	high	community_transcript_match	1.0	dialogue	False	True	Joey | Chandler	Joey	Chandler	False		Speaker agrees with available community-transcript mapping.	Oh, man, she loved it! She's over there showing Monica and Rachel right now.	Joey	Joey	present	char_tracker_stage05	joey	present	1.0		high	
27	155	476.94	478.02	Oh, yeah, that's great.	Chandler	high	community_transcript_match	1.0	dialogue	False	True	Joey | Chandler	Joey	Chandler	False		Speaker agrees with available community-transcript mapping.	Oh yeah? That's great!	Chandler	Chandler	present	char_tracker_stage05	chandler	present	1.0		high	
27	156	478.02	478.38	Yeah.	Chandler	medium	visual_disambiguation	0.74	dialogue	True	False	Joey | Chandler	Chandler	Joey	False		Only one of the two text-context candidates was visually present in the window.				present	char_tracker_stage05	chandler	present			medium	
27	157	478.38	484.94	Listen, I gotta tell ya, I feel kinda bad taking credit for this because, man, am I gonna get a lot of credit for?	Joey	high	community_transcript_match	1.0	dialogue	False	True	Joey | Chandler	Chandler		False		Speaker agrees with available community-transcript mapping.	Hey, listen, I gotta tell ya, I feel kinda bad taking credit for this, because man, am I gonna get a lot of credit for this!	Joey	Joey	present	char_tracker_stage05	joey	present	0.8571		high	
28	158	490.8	491.52	Hey, hey.	Kathy	high	community_transcript_match	1.0	dialogue	False	True	Kathy | Joey | Chandler | Monica		Joey	False		Speaker agrees with available community-transcript mapping.	Hey.	Kathy	Kathy	present	char_tracker_stage05	chandler|joey	unobserved			high	
28	159	491.76	492.24	Hey.	Joey	high	community_transcript_match	1.0	dialogue	False	True	Kathy | Joey | Chandler | Monica	Kathy	Chandler	False		Speaker agrees with available community-transcript mapping.	Hey!	Joey	Joey	present	char_tracker_stage05	chandler|joey	present	1.0		high	
28	160	493.04	494.0	Happy birthday.	Chandler	high	community_transcript_match	1.0	dialogue	False	True	Kathy | Joey | Chandler | Monica	Joey	Kathy	False		Speaker agrees with available community-transcript mapping.	Hey! Happy birthday.	Chandler	Chandler	present	char_tracker_stage05	chandler	present	1.0		high	
28	161	494.16	494.8	Thank you.	Kathy	high	community_transcript_match	1.0	dialogue	False	True	Kathy | Joey | Chandler | Monica	Chandler	Joey	False		Speaker agrees with available community-transcript mapping.	Thank you!	Kathy	Kathy	present	char_tracker_stage05	chandler	unobserved			high	
28	162	495.2	498.16	You know, Chandler got you a gift too.	Joey	high	community_transcript_match	1.0	dialogue	False	True	Kathy | Joey | Chandler | Monica	Kathy	Chandler	True	speaker_no_face	Speaker agrees with available community-transcript mapping.	You know, uh... [Joey moves the pen case out onto the counter.] Chandler got you a gift, too.	Joey	Joey	partial	char_tracker_stage05		absent	0.0		medium	speaker_no_face
28	163	499.6	500.64	No, he didn't.	Chandler	high	community_transcript_match	1.0	dialogue	False	True	Kathy | Joey | Chandler | Monica	Joey	Joey	False		Speaker agrees with available community-transcript mapping.	No he didn't. [Moving it back.]	Chandler	Chandler	present	char_tracker_stage05	chandler|joey	present	1.0		high	
28	164	502.72	503.44	Yeah, he did.	Joey	high	community_transcript_match	1.0	dialogue	False	True	Kathy | Joey | Chandler | Monica	Chandler	Joey	False		Speaker agrees with available community-transcript mapping.	Yeah, he did, look	Joey	Joey	present	char_tracker_stage05	chandler|joey	present	0.5		high	
28	165	503.44	505.12	Well, look, it's right there on the counter.	Joey	high	community_transcript_match	1.0	dialogue	False	True	Kathy | Joey | Chandler | Monica	Joey	Chandler	True	speaker_offscreen	Speaker agrees with available community-transcript mapping.	Yeah, he did, look... look, it's right there on the counter! Ha-ho-ho!	Joey	Joey	present	char_tracker_stage05	chandler	absent	0.0		low	speaker_offscreen
28	166	513.04	514.08	Happy birthday.	Chandler	high	community_transcript_match	1.0	dialogue	False	True	Kathy | Joey | Chandler | Monica	Joey	Chandler	False		Speaker agrees with available community-transcript mapping.	Happy birthday! I'm sorry.	Chandler	Chandler	present	char_tracker_stage05	chandler	present	1.0		high	
28	167	515.6	516.56	I'm sorry.	Chandler	high	community_transcript_match	1.0	dialogue	False	True	Kathy | Joey | Chandler | Monica	Chandler	Kathy	False		Speaker agrees with available community-transcript mapping.	I'm sorry	Chandler	Chandler	present	char_tracker_stage05	chandler	present	1.0		high	
28	168	519.2	520.47	You really didn't have to.	Kathy	high	community_transcript_match	1.0	dialogue	False	True	Kathy | Joey | Chandler | Monica	Chandler	Kathy	False		Speaker agrees with available community-transcript mapping.	You really didn't have to. (Opens the box) Wow.	Kathy	Kathy	absent	char_tracker_stage05		unobserved			high	
28	169	522.22	522.54	Wow.	Kathy	high	community_transcript_match	1.0	dialogue	False	True	Kathy | Joey | Chandler | Monica	Kathy	Chandler	False		Speaker agrees with available community-transcript mapping.	Wow	Kathy	Kathy	present	char_tracker_stage05	chandler	unobserved			high	
28	170	523.02	527.98	See, you think it's just a pen, but then you turn it over and it's also a clock.	Chandler	high	community_transcript_match	1.0	dialogue	False	True	Kathy | Joey | Chandler | Monica	Kathy	Kathy	False		Speaker agrees with available community-transcript mapping.	See, you think it's just a pen, but then you turn it over and it's also a clock.	Chandler	Chandler	present	char_tracker_stage05	chandler	present	1.0		high	
28	171	530.46	531.5	No, this is great.	Kathy	high	community_transcript_match	1.0	dialogue	False	True	Kathy | Joey | Chandler | Monica	Chandler	Kathy	False		Speaker agrees with available community-transcript mapping.	No, this is great	Kathy	Kathy	present	char_tracker_stage05	chandler|joey	unobserved			high	
28	172	532.3	533.38	Thank you, Chandler.	Kathy	high	community_transcript_match	1.0	dialogue	False	True	Kathy | Joey | Chandler | Monica	Kathy	Chandler	False		Speaker agrees with available community-transcript mapping.	Yeah. No, this is great. Thank you, Chandler. (They hug).	Kathy	Kathy	present	char_tracker_stage05	chandler	unobserved			high	
28	173	533.38	534.38	Oh, yeah.	Chandler	high	community_transcript_match	1.0	dialogue	False	True	Kathy | Joey | Chandler | Monica	Kathy	Joey	False		Speaker agrees with available community-transcript mapping.	Oh, yeah... yeah.	Chandler	Chandler	present	char_tracker_stage05	chandler	present	1.0		high	
28	174	535.66	536.22	Oh.	Joey	medium	short_turn_alternation	0.7	reaction	True	False	Kathy | Joey | Chandler | Monica	Chandler	Joey	True	short_utterance_between_two_speakers	Short utterance inferred from local turn alternation.				present	char_tracker_stage05	chandler|joey	present			medium	
28	175	536.46	537.02	Hmm.	Joey	high	community_transcript_match	1.0	reaction	False	True	Kathy | Joey | Chandler | Monica	Joey	Joey	False		Speaker agrees with available community-transcript mapping.	Hm	Joey	Joey	present	char_tracker_stage05	joey	present	1.0		high	
28	176	537.34	538.3	Want to go to bed?	Joey	high	community_transcript_match	1.0	dialogue	False	True	Kathy | Joey | Chandler | Monica	Joey	Kathy	False		Speaker agrees with available community-transcript mapping.	Ah. Hm. (To Kathy) Wanna go to bed?	Joey	Joey	present	char_tracker_stage05	joey	present	1.0		high	
28	177	539.98	541.34	I'll be in in a minute.	Kathy	high	community_transcript_match	1.0	dialogue	False	True	Kathy | Joey | Chandler | Monica	Joey	Joey	False		Speaker agrees with available community-transcript mapping.	I'll be in in a minute.	Kathy	Kathy	present	char_tracker_stage05	chandler	unobserved			high	
28	178	545.42	548.7	Oh, don't forget your coupon.	Joey	high	community_transcript_match	1.0	dialogue	False	True	Kathy | Joey | Chandler | Monica	Kathy	Chandler	False		Speaker agrees with available community-transcript mapping.	Oh, uh... don't forget your coupon. (Tries to strike a sexy pose up against the doorway to his room. Then goes inside).	Joey	Joey	present	char_tracker_stage05	joey	present	1.0		high	
28	179	555.1	555.66	Good night.	Chandler	high	community_transcript_match	1.0	dialogue	False	True	Kathy | Joey | Chandler | Monica	Joey	Kathy	True	speaker_no_face	Speaker agrees with available community-transcript mapping.	[to Kathy] Goodnight.	Chandler	Chandler	absent	char_tracker_stage05		absent	0.0		medium	speaker_no_face
28	180	557.82	559.5	Um, thank you for the gift.	Kathy	high	community_transcript_match	1.0	dialogue	False	True	Kathy | Joey | Chandler | Monica	Chandler	Chandler	False		Speaker agrees with available community-transcript mapping.	Um, thank you for the gift.	Kathy	Kathy	absent	char_tracker_stage05		unobserved			high	
28	181	560.7	562.1	Oh, yeah.	Chandler	medium	short_turn_alternation	0.7	dialogue	True	False	Kathy | Joey | Chandler | Monica	Kathy	Chandler	True	short_utterance_between_two_speakers | speaker_no_face	Short utterance inferred from local turn alternation.				absent	char_tracker_stage05		absent			medium	speaker_no_face
28	182	562.1	562.46	I just.	Chandler	high	scene_context_bridge	0.88	dialogue	True	False	Kathy | Joey | Chandler | Monica	Chandler	Chandler	True	speaker_no_face	Same speaker appears on both sides within the same scene.				absent	char_tracker_stage05		absent			medium	speaker_no_face
28	183	562.46	565.1	I just knew that sometimes when you're writing, you.	Chandler	high	community_transcript_match	1.0	dialogue	False	True	Kathy | Joey | Chandler | Monica	Chandler	Chandler	True	speaker_no_face	Speaker agrees with available community-transcript mapping.	Oh, uh, yeah... I just knew that sometimes when you're writing, you... you don't always know the exact time.	Chandler	Chandler	absent	char_tracker_stage05		absent	0.0		medium	speaker_no_face
28	184	565.26	567.58	You don't always know the exact time.	Chandler	high	community_transcript_match	1.0	dialogue	False	True	Kathy | Joey | Chandler | Monica	Chandler	Kathy	False		Speaker agrees with available community-transcript mapping.	you don't always know the exact time	Chandler	Chandler	present	char_tracker_stage05	chandler	present	0.6667		high	
28	185	569.58	571.18	No, I didn't mean the pen.	Kathy	high	community_transcript_match	1.0	dialogue	False	True	Kathy | Joey | Chandler | Monica	Chandler	Kathy	False		Speaker agrees with available community-transcript mapping.	No, I... I didn't mean the pen. Thank you for the book.	Kathy	Kathy	absent	char_tracker_stage05		unobserved			high	
28	186	571.9	572.86	Thank you for the book.	Kathy	high	community_transcript_match	1.0	dialogue	False	True	Kathy | Joey | Chandler | Monica	Kathy	Chandler	False		Speaker agrees with available community-transcript mapping.	Thank you for the book	Kathy	Kathy	absent	char_tracker_stage05		unobserved			high	
28	187	574.84	575.56	Uh, the book?	Chandler	high	community_transcript_match	1.0	dialogue	False	True	Kathy | Joey | Chandler | Monica	Kathy	Kathy	False		Speaker agrees with available community-transcript mapping.	Uh, the book?	Chandler	Chandler	present	char_tracker_stage05	chandler	present	1.0		high	
28	188	575.8	577.32	The Velveteen Rabbit.	Kathy	high	community_transcript_match	1.0	dialogue	False	True	Kathy | Joey | Chandler | Monica	Chandler	Kathy	False		Speaker agrees with available community-transcript mapping.	The Velveteen Rabbit	Kathy	Kathy	partial	char_tracker_stage05		unobserved			high	
28	189	577.72	579.88	Kind of have the feeling you had something to do with it.	Kathy	high	community_transcript_match	1.0	dialogue	False	True	Kathy | Joey | Chandler | Monica	Kathy	Chandler	False		Speaker agrees with available community-transcript mapping.	The Velveteen Rabbit. I kinda have the feeling you had something to do with it.	Kathy	Kathy	absent	char_tracker_stage05		unobserved			high	
28	190	580.84	581.64	What do you mean?	Chandler	high	community_transcript_match	1.0	dialogue	False	True	Kathy | Joey | Chandler | Monica	Kathy	Chandler	False		Speaker agrees with available community-transcript mapping.	What do you mean?	Chandler	Chandler	present	char_tracker_stage05	chandler	present	1.0		high	
28	191	582.04	584.84	Well, when Joey gave it to me, he said, this is.	Chandler	medium	scene_context_inference	0.7100000000000001	dialogue	True	False	Kathy | Joey | Chandler | Monica	Chandler	Chandler	True	medium_confidence_context_fill | speaker_no_face	Continuation-style opener favors previous speaker within the same scene.				partial	char_tracker_stage05		absent			medium	speaker_no_face
28	192	584.84	586.16	Cause I know you like rabbits.	Chandler	medium	scene_context_inference	0.66	dialogue	True	False	Kathy | Joey | Chandler | Monica	Chandler	Chandler	True	two_sided_context_ambiguous | speaker_no_face	No direct transcript match; longer line defaulted to previous speaker in same scene.				absent	char_tracker_stage05		absent			medium	speaker_no_face
28	193	586.16	587.72	And I know you like cheese.	Chandler	medium	scene_context_inference	0.7100000000000001	dialogue	True	False	Kathy | Joey | Chandler | Monica	Chandler	Kathy	True	medium_confidence_context_fill | speaker_no_face	Continuation-style opener favors previous speaker within the same scene.				absent	char_tracker_stage05		absent			medium	speaker_no_face
28	194	592.2	592.68	Thanks.	Kathy	high	community_transcript_match	1.0	dialogue	False	True	Kathy | Joey | Chandler | Monica	Chandler	Kathy	False		Speaker agrees with available community-transcript mapping.	""" Thanks"	Kathy	Kathy	absent	char_tracker_stage05		unobserved			high	
28	195	592.92	593.64	I love it.	Kathy	high	community_transcript_match	1.0	dialogue	False	True	Kathy | Joey | Chandler | Monica	Kathy	Kathy	False		Speaker agrees with available community-transcript mapping.	I love it	Kathy	Kathy	absent	char_tracker_stage05		unobserved			high	
28	196	594.04	596.04	And I know how hard it must have been for you to find.	Kathy	high	community_transcript_match	1.0	dialogue	False	True	Kathy | Joey | Chandler | Monica	Kathy	Chandler	False		Speaker agrees with available community-transcript mapping.	"Well, uh, when Joey gave it to me, he said, ""This is 'cause I know ya like Rabbits, and I know ya like cheese."" Thanks. I love it. And I know how hard it must have been for you to find."	Kathy	Kathy	present	char_tracker_stage05	chandler	unobserved			high	
28	197	596.04	596.52	Wow.	Chandler	medium	visual_disambiguation	0.74	dialogue	True	False	Kathy | Joey | Chandler | Monica	Kathy	Chandler	False		Only one of the two text-context candidates was visually present in the window.				present	char_tracker_stage05	chandler	present			medium	
28	198	598.44	600.24	By the way, in case you missed that, that sound was.	Chandler	high	community_transcript_match	1.0	dialogue	False	True	Kathy | Joey | Chandler | Monica	Chandler	Kathy	False		Speaker agrees with available community-transcript mapping.	"(tongue-tied) Uhl..ell. By the way, in case you missed that, that sound was, ""Uhl, ell."""	Chandler	Chandler	present	char_tracker_stage05	chandler	present	1.0		high	
28	199	600.24	606.84	Oh, m. You must really like Joey to go to all that trouble for him.	Kathy	high	community_transcript_match	1.0	dialogue	False	True	Kathy | Joey | Chandler | Monica	Chandler	Chandler	False		Speaker agrees with available community-transcript mapping.	You must really like... Joey... to go to all that trouble for him.	Kathy	Kathy	partial	char_tracker_stage05		unobserved			high	
28	200	606.84	607.6	Oh, yeah.	Chandler	high	community_transcript_match	1.0	dialogue	False	True	Kathy | Joey | Chandler | Monica	Kathy	Chandler	True	speaker_no_face	Speaker agrees with available community-transcript mapping.	oh yeah	Chandler	Chandler	absent	char_tracker_stage05		absent	0.0		medium	speaker_no_face
28	201	607.6	608.2	He's my.	Chandler	high	community_transcript_match	1.0	dialogue	False	True	Kathy | Joey | Chandler | Monica	Chandler	Chandler	False		Speaker agrees with available community-transcript mapping.	Oh, yeah, he's my	Chandler	Chandler	present	char_tracker_stage05	chandler	present	0.5		high	
28	202	613.16	614.44	He's my best friend.	Chandler	high	community_transcript_match	1.0	dialogue	False	True	Kathy | Joey | Chandler | Monica	Chandler	Kathy	False		Speaker agrees with available community-transcript mapping.	Oh, yeah, he's my... he's my best friend.	Chandler	Chandler	present	char_tracker_stage05	chandler	present	1.0		high	
28	203	617.48	619.08	Well, good night.	Kathy	high	community_transcript_match	1.0	dialogue	False	True	Kathy | Joey | Chandler | Monica	Chandler	Joey	False		Speaker agrees with available community-transcript mapping.	Well....	Kathy	Kathy	absent	char_tracker_stage05		unobserved			high	
28	204	628.92	631.0	Hey, that coupon expires, you know.	Joey	high	community_transcript_match	1.0	dialogue	False	True	Kathy | Joey | Chandler | Monica	Kathy	Monica	False		Speaker agrees with available community-transcript mapping.	(opening bedroom door) Hey, that coupon expires, you know.	Joey	Joey	present	char_tracker_stage05	joey	present	1.0		high	
28	205	642.82	643.14	Hi.	Monica	medium	visual_disambiguation	0.74	dialogue	True	False	Kathy | Joey | Chandler | Monica	Joey	Monica	False		Only one of the two text-context candidates was visually present in the window.				present	char_tracker_stage05	monica	present			medium	
28	206	643.94	644.62	You don't know me.	Monica	high	community_transcript_match	1.0	dialogue	False	True	Kathy | Joey | Chandler | Monica	Monica		False		Speaker agrees with available community-transcript mapping.	hi uh you you don't know me ross's sister	Monica	Monica	present	char_tracker_stage05	monica	present	1.0		high	
30	207	644.62	645.54	I'm Monica Geller.	Monica	high	community_transcript_match	1.0	dialogue	False	True	Monica | Cheryl		Monica	False		Speaker agrees with available community-transcript mapping.	Hi. Uh, you... you don't know me, I'm Monica Geller... Ross's sister.	Monica	Monica	present	char_tracker_stage05	monica	present	1.0		high	
30	208	645.54	646.34	Ross Sister.	Monica	high	community_transcript_match	1.0	dialogue	False	True	Monica | Cheryl	Monica	Monica	False		Speaker agrees with available community-transcript mapping.	Ross's sister	Monica	Monica	present	char_tracker_stage05	monica	present	1.0		high	
30	209	646.42	646.9	Oh.	Monica	medium	visual_disambiguation	0.74	reaction	True	False	Monica | Cheryl	Monica	Cheryl	False		Only one of the two text-context candidates was visually present in the window.				present	char_tracker_stage05	monica	present			medium	
30	210	646.9	647.3	Yeah.	Cheryl	high	community_transcript_match	1.0	dialogue	False	True	Monica | Cheryl	Monica	Cheryl	False		Speaker agrees with available community-transcript mapping.	yeah	Cheryl	Cheryl	present	char_tracker_stage05	monica	unobserved			high	
30	211	647.3	647.54	Oh.	Cheryl	high	community_transcript_match	1.0	reaction	False	True	Monica | Cheryl	Cheryl	Cheryl	False		Speaker agrees with available community-transcript mapping.	Oh, yeah	Cheryl	Cheryl	absent	char_tracker_stage05		unobserved			high	
30	212	647.54	649.14	You know, it's too bad that didn't work out.	Cheryl	high	community_transcript_match	1.0	dialogue	False	True	Monica | Cheryl	Cheryl	Cheryl	False		Speaker agrees with available community-transcript mapping.	Oh, yeah. Oh, you know, that's too bad that didn't work out.	Cheryl	Cheryl	absent	char_tracker_stage05		unobserved			high	
30	213	649.3	649.78	Yeah.	Cheryl	high	community_transcript_match	1.0	dialogue	False	True	Monica | Cheryl	Cheryl	Monica	False		Speaker agrees with available community-transcript mapping.	oh yeah oh	Cheryl	Cheryl	absent	char_tracker_stage05		unobserved			high	
30	214	649.78	655.14	Anyway, he told me about your apartment and, well, I couldn't sleep thinking about it.	Monica	high	community_transcript_match	1.0	dialogue	False	True	Monica | Cheryl	Cheryl	Monica	False		Speaker agrees with available community-transcript mapping.	Yeah. Anyway, he told me about your apartment. And, um, I couldn't sleep, thinking about it. So, uh, would it be okay if I cleaned it?	Monica	Monica	present	char_tracker_stage05	monica	present	0.8571		high	
30	215	657.22	657.62	So.	Monica	medium	scene_context_inference	0.68	dialogue	True	False	Monica | Cheryl	Monica	Monica	True	scene_end_short_utterance | speaker_no_face	Filled from previous same-scene context.				absent	char_tracker_stage05		absent			medium	speaker_no_face
30	216	658.34	660.02	Would it be okay if I cleaned it?	Monica	medium	scene_context_inference	0.68	dialogue	True	False	Monica | Cheryl	Monica		True	medium_confidence_context_fill | speaker_no_face	Filled from previous same-scene context.				partial	char_tracker_stage05		absent			medium	speaker_no_face
31	217	662.74	662.98	No.	Monica	high	community_transcript_match	1.0	dialogue	False	True	Monica		Monica	False		Speaker agrees with available community-transcript mapping.	No	Monica	Monica	present	char_tracker_stage05	monica	present	1.0		high	
31	218	665.3	666.66	I won't be able to sleep.	Monica	high	community_transcript_match	1.0	dialogue	False	True	Monica	Monica		True	speaker_no_face	Speaker agrees with available community-transcript mapping.	No? I won't be able to sleep!	Monica	Monica	absent	char_tracker_stage05		absent	0.0		medium	speaker_no_face
